4294967279,103
4294967279,102
4294967279,101
4294967279,110
4294967279,109
4294967279,108
4294967279,107
4294967279,106
4294967279,105
4294967279,104
4294967279,290
4294967278,295
4294967278,163
4294967279,289
4294967278,294
4294967278,161
4294967279,288
4294967278,293
4294967279,128
4294967279,127
4294967279,126
4294967279,125
4294967279,124
4294967279,123
4294967279,122
4294967279,121
4294967279,120
4294967279,119
4294967279,118
4294967279,117
4294967279,116
4294967279,115
4294967279,114
4294967279,113
4294967279,112
4294967279,111
4294967278,159
4294967279,287
4294967278,292
4294967278,157
4294967278,37
4294967278,36
4294967278,33
4294967278,32
4294967278,31
4294967278,30
4294967278,29
4294967278,26
4294967278,25
4294967278,24
4294967278,23
4294967278,22
4294967278,21
4294967278,20
4294967278,19
4294967278,18
4294967278,17
4294967278,16
4294967278,15
4294967278,14
4294967278,13
4294967278,12
4294967278,11
4294967278,10
4294967278,9
4294967278,264
4294967278,8
4294967278,7
4294967278,6
4294967278,5
4294967278,4
4294967279,132
4294967279,131
4294967279,130
4294967279,129
4294967279,22
4294967279,19
4294967279,16
4294967279,15
4294967279,14
4294967278,154
7,4
4294967278,153
7,3
7,2
7,1
4294967278,291
4294967278,152
4294967278,150
4294967278,290
4294967279,286
4294967279,285
4294967278,149
6,6
4294967294,472
4294967278,146
4294967294,115
4294967279,284
4294967278,289
4294967278,35
4294967278,288
4294967278,34
6,5
4294967294,9
4294967278,145
4294967278,144
6,4
6,3
6,2
6,1
4294967279,283
4294967278,143
4294967294,390
4294967294,396
4294967294,409
4294967294,414
4294967294,178
4294967294,385
4294967294,407
4294967294,179
4294967294,167
4294967294,914
4294967294,403
4294967294,189
4294967294,458
4294967294,464
4294967294,113
4294967294,169
4294967294,386
4294967278,142
4294967294,428
4294967278,139
4294967279,282
4294967278,287
4294967278,28
4294967278,286
4294967278,27
5,5
4294967278,138
5,4
5,3
5,2
5,1
4294967279,133
4,4
4294967279,281
4,3
4,2
4,1
4294967294,439
4294967279,280
4294967294,187
4294967279,279
4294967279,20
4294967279,269
4294967279,278
4294967279,18
4294967278,285
4294967278,284
4294967279,268
3,5
4294967279,266
4294967278,283
3,4
4294967279,265
3,3
3,2
3,1
4294967294,923
4294967294,471
4294967279,264
4294967294,22
4294967294,41
4294967279,0
4294967279,262
4294967294,7
4294967294,6
4294967294,94
4294967294,93
4294967294,96
4294967294,95
4294967279,261
2,4
2,3
2,2
2,1
4294967279,259
4294967294,8
0,7
4294967294,393
4294967294,45
4294967294,44
4294967294,43
4294967294,53
4294967294,29
4294967294,418
4294967294,91
4294967294,90
4294967294,87
4294967294,86
4294967294,85
4294967294,84
4294967294,83
4294967278,282
4294967278,260
4294967278,0
4294967294,971
4294967294,92
4294967294,88
4294967294,46
4294967294,76
4294967294,388
4294967294,52
4294967294,116
4294967294,168
4294967294,162
4294967294,5
4294967294,104
4294967294,106
4294967294,166
4294967294,184
4294967294,384
4294967294,188
4294967294,185
4294967294,82
4294967294,69
4294967279,258
4294967294,68
4294967278,132
4294967278,131
4294967278,130
4294967278,129
4294967278,128
4294967278,127
4294967278,126
4294967278,125
4294967278,124
4294967278,123
4294967278,122
4294967278,121
4294967278,120
4294967278,119
4294967278,118
4294967278,117
4294967278,116
4294967278,115
4294967278,114
4294967278,113
4294967278,112
4294967278,111
4294967278,110
4294967278,109
4294967278,108
4294967278,107
4294967278,106
4294967278,105
4294967278,104
4294967278,103
4294967278,102
4294967278,101
4294967278,100
4294967278,99
4294967278,98
4294967278,97
4294967278,96
